TrackOne
00001
00010
00010
01000
10000
10000
10000
00000
01000
00100
00010
01000
10000
01000
10001
01010
00100
00000
-----
10000
00010
00010
01000
10000
10000
10000
00000
01000
00100
00010
01000
10000
01000
10001
01010
00100
00000
-----
00001
00010
00010
01000
10000
10000
10000
00000
01000
00100
00010
01000
10000
01000
10001
01010
00100
00000
-----
01000
01010
00010
10000
01000
00100
00100
00100
00110
01011
00100
10001
01010
00110
01001
00010
01010
00000
-----
01010
10010
01010
01001
01000
10101
01010
10000
01001
00100
01010
10000
10000
00001
00001
00011
01100
00000
-----
01010
10010
01010
01001
01000
10101
01010
10000
01001
00100
01010
10000
10000
00001
00001
00011
01100
00000
-----
01010
10010
01010
01001
01000
10101
01010
10000
01001
00100
01010
10000
10000
00001
00001
00011
01100
00000
-----
01010
10010
01010
01001
01000
10101
01010
10000
01001
00100
01010
10000
10000
00001
00001
00011
01100
00000
-----
01010
10010
01010
01001
01000
10101
01010
10000
01001
00100
01010
10000
10000
00001
00001
00011
01100
00000
-----
01010
10010
01010
01001
01000
10101
01010
10000
01001
00100
01010
10000
10000
00001
00001
00011
01100
00000
-----
01010
10010
01010
01001
01000
10101
01010
10000
01001
00100
01010
10000
10000
00001
00001
00011
01100
00000
-----
01010
10010
01010
01001
01000
10101
01010
10000
01001
00100
01010
10000
10000
00001
00001
00011
01100
00000
-----
01010
10010
01010
01001
01000
10101
01010
10000
01001
00100
01010
10000
10000
00001
00001
00011
01100
00000
-----
01010
10010
01010
01001
01000
10101
01010
10000
01001
00100
01010
10000
10000
00001
00001
00011
01100
00000
-----
01010
10010
01010
01001
01000
10101
01010
10000
01001
00100
01010
10000
10000
00001
00001
00011
01100
00000
-----
01010
10010
01010
01001
01000
10101
01010
10000
01001
00100
01010
10000
10000
00001
00001
00011
01100
00000
-----
01010
10010
01010
01001
01000
10101
01010
10000
01001
00100
01010
10000
10000
00001
00001
00011
01100
00000
-----
10100
01000
10100
11000
00010
00000
00010
00010
00100
11000
00110
00010
00010
00010
11000
11100
01000
00011
-----
10100
01000
10100
11000
00010
00000
00010
00010
00100
11000
00110
00010
00010
00010
11000
11100
01000
00011
-----
00010
00010
00100
11000
00110
00010
00010
00010
11000
11100
01000
00011
10100
01000
10100
11000
00010
00000
-----
10100
01000
10100
11000
00010
00000
00010
00010
00100
11000
00110
00010
00010
00010
11000
11100
01000
00011
-----
00000
00010
00010
00100
11000
00110
00010
00010
00010
11000
11100
01000
00011
10100
01000
10100
11000
00010
-----
00001
00010
00010
01000
10000
10000
10000
00000
01000
00100
00010
01000
10000
01000
10001
01010
00100
00000
-----
10000
00010
00010
01000
10000
10000
10000
00000
01000
00100
00010
01000
10000
01000
10001
01010
00100
00000
-----
00001
00010
00010
01000
10000
10000
10000
00000
01000
00100
00010
01000
10000
01000
10001
01010
00100
00000
-----
01000
01010
00010
10000
01000
00100
00100
00100
00110
01011
00100
10001
01010
00110
01001
00010
01010
00000
-----
01010
10010
01010
01001
01000
10101
01010
10000
01001
00100
01010
10000
10000
00001
00001
00011
01100
00000
-----
01010
10010
01010
01001
01000
10101
01010
10000
01001
00100
01010
10000
10000
00001
00001
00011
01100
00000
-----
01010
10010
01010
01001
01000
10101
01010
10000
01001
00100
01010
10000
10000
00001
00001
00011
01100
00000
-----
01010
10010
01010
01001
01000
10101
01010
10000
01001
00100
01010
10000
10000
00001
00001
00011
01100
00000
-----
01010
10010
01010
01001
01000
10101
01010
10000
01001
00100
01010
10000
10000
00001
00001
00011
01100
00000
-----
01010
10010
01010
01001
01000
10101
01010
10000
01001
00100
01010
10000
10000
00001
00001
00011
01100
00000
-----
01010
10010
01010
01001
01000
10101
01010
10000
01001
00100
01010
10000
10000
00001
00001
00011
01100
00000
-----
01010
10010
01010
01001
01000
10101
01010
10000
01001
00100
01010
10000
10000
00001
00001
00011
01100
00000
-----
01010
10010
01010
01001
01000
10101
01010
10000
01001
00100
01010
10000
10000
00001
00001
00011
01100
00000
-----
01010
10010
01010
01001
01000
10101
01010
10000
01001
00100
01010
10000
10000
00001
00001
00011
01100
00000
-----
01010
10010
01010
01001
01000
10101
01010
10000
01001
00100
01010
10000
10000
00001
00001
00011
01100
00000
-----
01010
10010
01010
01001
01000
10101
01010
10000
01001
00100
01010
10000
10000
00001
00001
00011
01100
00000
-----
01010
10010
01010
01001
01000
10101
01010
10000
01001
00100
01010
10000
10000
00001
00001
00011
01100
00000
-----
10100
01000
10100
11000
00010
00000
00010
00010
00100
11000
00110
00010
00010
00010
11000
11100
01000
00011
-----
10100
01000
10100
11000
00010
00000
00010
00010
00100
11000
00110
00010
00010
00010
11000
11100
01000
00011
-----
00010
00010
00100
11000
00110
00010
00010
00010
11000
11100
01000
00011
10100
01000
10100
11000
00010
00000
-----
10100
01000
10100
11000
00010
00000
00010
00010
00100
11000
00110
00010
00010
00010
11000
11100
01000
00011
-----
00000
00010
00010
00100
11000
00110
00010
00010
00010
11000
11100
01000
00011
10100
01000
10100
11000
00010
-----